t    H   V   K   T   P
0  -1744.32 -2098.11   353.79   82.7483 0
0.005  -1744.32 -2097.43   353.105   82.5881 0
0.01  -1744.32 -2096.06   351.739   82.2687 0
0.015  -1744.32 -2094.02   349.696   81.7908 0
0.02  -1744.32 -2091.3   346.978   81.1551 0
0.025  -1744.32 -2087.91   343.588   80.3621 0
0.03  -1744.32 -2083.85   339.53   79.413 0
0.035  -1744.32 -2079.13   334.809   78.3089 0
0.04  -1744.32 -2073.76   329.434   77.0516 0
0.045  -1744.32 -2067.74   323.413   75.6434 0
0.05  -1744.32 -2061.08   316.761   74.0876 0
0.055  -1744.32 -2053.82   309.497   72.3885 0
0.06  -1744.32 -2045.97   301.643   70.5517 0
0.065  -1744.32 -2037.55   293.232   68.5843 0
0.07  -1744.32 -2028.62   284.302   66.4956 0
0.075  -1744.32 -2019.22   274.9   64.2967 0
0.08  -1744.32 -2009.41   265.086   62.0013 0
0.085  -1744.32 -1999.25   254.929   59.6256 0
0.09  -1744.32 -1988.83   244.508   57.1883 0
0.095  -1744.32 -1978.24   233.917   54.711 0
0.1  -1744.32 -1967.58   223.255   52.2173 0
0.105  -1744.32 -1956.95   212.633   49.7329 0
0.11  -1744.32 -1946.49   202.166   47.2848 0
0.115  -1744.32 -1936.29   191.971   44.9004 0
0.12  -1744.32 -1926.49   182.165   42.6067 0
0.125  -1744.32 -1917.18   172.856   40.4294 0
0.13  -1744.32 -1908.47   164.143   38.3917 0
0.135  -1744.32 -1900.44   156.115   36.5139 0
0.14  -1744.32 -1893.16   148.84   34.8125 0
0.145  -1744.32 -1886.7   142.374   33.3 0
0.15  -1744.32 -1881.07   136.751   31.9847 0
0.155  -1744.32 -1876.31   131.989   30.871 0
0.16  -1744.32 -1872.41   128.089   29.9589 0
0.165  -1744.32 -1869.36   125.037   29.2451 0
0.17  -1744.32 -1867.13   122.804   28.7227 0
0.175  -1744.32 -1865.67   121.347   28.3819 0
0.18  -1744.32 -1864.93   120.613   28.2104 0
0.185  -1744.32 -1864.86   120.542   28.1938 0
0.19  -1744.32 -1865.39   121.066   28.3162 0
0.195  -1744.32 -1866.43   122.111   28.5607 0
0.2  -1744.32 -1867.93   123.604   28.9098 0
0.205  -1744.32 -1869.79   125.467   29.3457 0
0.21  -1744.32 -1871.95   127.628   29.851 0
0.215  -1744.32 -1874.34   130.013   30.4089 0
0.22  -1744.32 -1876.88   132.556   31.0036 0
0.225  -1744.32 -1879.51   135.192   31.6202 0
0.23  -1744.32 -1882.19   137.865   32.2454 0
0.235  -1744.32 -1884.84   140.522   32.8669 0
0.24  -1744.32 -1887.44   143.119   33.4744 0
0.245  -1744.32 -1889.94   145.617   34.0586 0
0.25  -1744.32 -1892.31   147.983   34.6119 0
0.255  -1744.32 -1894.51   150.191   35.1283 0
0.26  -1744.32 -1896.54   152.22   35.6029 0
0.265  -1744.32 -1898.38   154.056   36.0322 0
0.27  -1744.32 -1900.01   155.688   36.414 0
0.275  -1744.32 -1901.43   157.112   36.7471 0
0.28  -1744.32 -1902.65   158.327   37.0313 0
0.285  -1744.32 -1903.66   159.337   37.2675 0
0.29  -1744.32 -1904.47   160.148   37.4571 0
0.295  -1744.32 -1905.09   160.77   37.6025 0
0.3  -1744.32 -1905.54   161.214   37.7065 0
0.305  -1744.32 -1905.82   161.494   37.7721 0
0.31  -1744.32 -1905.95   161.626   37.8029 0
0.315  -1744.32 -1905.95   161.625   37.8027 0
0.32  -1744.32 -1905.83   161.507   37.7751 0
0.325  -1744.32 -1905.61   161.289   37.7239 0
0.33  -1744.32 -1905.31   160.984   37.6528 0
0.335  -1744.32 -1904.93   160.61   37.5651 0
0.34  -1744.32 -1904.5   160.178   37.4642 0
0.345  -1744.32 -1904.02   159.702   37.3528 0
0.35  -1744.32 -1903.52   159.193   37.2338 0
0.355  -1744.32 -1902.98   158.662   37.1096 0
0.36  -1744.32 -1902.44   158.117   36.9822 0
0.365  -1744.32 -1901.89   157.567   36.8536 0
0.37  -1744.32 -1901.34   157.019   36.7254 0
0.375  -1744.32 -1900.8   156.479   36.5991 0
0.38  -1744.32 -1900.28   155.953   36.4761 0
0.385  -1744.32 -1899.77   155.446   36.3575 0
0.39  -1744.32 -1899.28   154.962   36.2443 0
0.395  -1744.32 -1898.83   154.505   36.1374 0
0.4  -1744.32 -1898.4   154.079   36.0378 0
0.405  -1744.32 -1898.01   153.687   35.946 0
0.41  -1744.32 -1897.65   153.331   35.8628 0
0.415  -1744.32 -1897.34   153.014   35.7886 0
0.42  -1744.32 -1897.06   152.737   35.7239 0
0.425  -1744.32 -1896.82   152.503   35.669 0
0.43  -1744.32 -1896.63   152.31   35.624 0
0.435  -1744.32 -1896.48   152.16   35.5888 0
0.44  -1744.32 -1896.37   152.051   35.5634 0
0.445  -1744.32 -1896.3   151.982   35.5472 0
0.45  -1744.32 -1896.27   151.95   35.5397 0
0.455  -1744.32 -1896.27   151.951   35.5399 0
0.46  -1744.32 -1896.3   151.981   35.547 0
0.465  -1744.32 -1896.36   152.035   35.5597 0
0.47  -1744.32 -1896.43   152.108   35.5766 0
0.475  -1744.32 -1896.51   152.192   35.5963 0
0.48  -1744.32 -1896.6   152.282   35.6173 0
0.485  -1744.32 -1896.69   152.371   35.6382 0
0.49  -1744.32 -1896.78   152.453   35.6574 0
0.495  -1744.32 -1896.85   152.523   35.6739 0
0.5  -1744.32 -1896.9   152.577   35.6864 0
0.505  -1744.32 -1896.93   152.611   35.6943 0
0.51  -1744.32 -1896.94   152.622   35.697 0
0.515  -1744.32 -1896.93   152.61   35.6942 0
0.52  -1744.32 -1896.9   152.576   35.6861 0
0.525  -1744.32 -1896.84   152.52   35.673 0
0.53  -1744.32 -1896.77   152.446   35.6558 0
0.535  -1744.32 -1896.68   152.358   35.6352 0
0.54  -1744.32 -1896.58   152.261   35.6124 0
0.545  -1744.32 -1896.48   152.159   35.5886 0
0.55  -1744.32 -1896.38   152.059   35.5652 0
0.555  -1744.32 -1896.29   151.965   35.5432 0
0.56  -1744.32 -1896.2   151.883   35.524 0
0.565  -1744.32 -1896.14   151.816   35.5085 0
0.57  -1744.32 -1896.09   151.769   35.4974 0
0.575  -1744.32 -1896.06   151.743   35.4913 0
0.58  -1744.32 -1896.06   151.739   35.4904 0
0.585  -1744.32 -1896.08   151.757   35.4947 0
0.59  -1744.32 -1896.12   151.797   35.504 0
0.595  -1744.32 -1896.18   151.856   35.5177 0
0.6  -1744.32 -1896.25   151.93   35.5351 0
0.605  -1744.32 -1896.34   152.017   35.5554 0
0.61  -1744.32 -1896.43   152.112   35.5776 0
0.615  -1744.32 -1896.53   152.21   35.6006 0
0.62  -1744.32 -1896.63   152.308   35.6235 0
0.625  -1744.32 -1896.72   152.401   35.6453 0
0.63  -1744.32 -1896.81   152.486   35.665 0
0.635  -1744.32 -1896.88   152.558   35.6819 0
0.64  -1744.32 -1896.94   152.615   35.6953 0
0.645  -1744.32 -1896.98   152.656   35.7048 0
0.65  -1744.32 -1897   152.678   35.7101 0
0.655  -1744.32 -1897   152.682   35.711 0
0.66  -1744.32 -1896.99   152.668   35.7077 0
0.665  -1744.32 -1896.96   152.637   35.7005 0
0.67  -1744.32 -1896.91   152.592   35.6898 0
0.675  -1744.32 -1896.86   152.534   35.6763 0
0.68  -1744.32 -1896.79   152.467   35.6607 0
0.685  -1744.32 -1896.72   152.394   35.6437 0
0.69  -1744.32 -1896.64   152.319   35.626 0
0.695  -1744.32 -1896.57   152.244   35.6085 0
0.7  -1744.32 -1896.49   152.172   35.5916 0
0.705  -1744.32 -1896.43   152.104   35.5758 0
0.71  -1744.32 -1896.36   152.042   35.5614 0
0.715  -1744.32 -1896.31   151.987   35.5484 0
0.72  -1744.32 -1896.26   151.938   35.5368 0
0.725  -1744.32 -1896.22   151.893   35.5264 0
0.73  -1744.32 -1896.17   151.852   35.5168 0
0.735  -1744.32 -1896.13   151.812   35.5076 0
0.74  -1744.32 -1896.09   151.773   35.4983 0
0.745  -1744.32 -1896.05   151.731   35.4885 0
0.75  -1744.32 -1896.01   151.685   35.4779 0
0.755  -1744.32 -1895.96   151.635   35.466 0
0.76  -1744.32 -1895.9   151.578   35.4527 0
0.765  -1744.32 -1895.84   151.514   35.4378 0
0.77  -1744.32 -1895.77   151.444   35.4215 0
0.775  -1744.32 -1895.69   151.369   35.4039 0
0.78  -1744.32 -1895.61   151.289   35.3852 0
0.785  -1744.32 -1895.53   151.208   35.3661 0
0.79  -1744.32 -1895.45   151.126   35.3471 0
0.795  -1744.32 -1895.37   151.049   35.329 0
0.8  -1744.32 -1895.3   150.979   35.3126 0
0.805  -1744.32 -1895.24   150.92   35.2989 0
0.81  -1744.32 -1895.2   150.878   35.289 0
0.815  -1744.32 -1895.18   150.857   35.284 0
0.82  -1744.32 -1895.18   150.861   35.285 0
0.825  -1744.32 -1895.22   150.895   35.293 0
0.83  -1744.32 -1895.29   150.964   35.3092 0
0.835  -1744.32 -1895.39   151.072   35.3344 0
0.84  -1744.32 -1895.54   151.222   35.3694 0
0.845  -1744.32 -1895.74   151.416   35.4149 0
0.85  -1744.32 -1895.98   151.658   35.4714 0
0.855  -1744.32 -1896.27   151.946   35.5389 0
0.86  -1744.32 -1896.6   152.282   35.6175 0
0.865  -1744.32 -1896.99   152.665   35.7069 0
0.87  -1744.32 -1897.41   153.091   35.8066 0
0.875  -1744.32 -1897.88   153.558   35.9157 0
0.88  -1744.32 -1898.38   154.061   36.0334 0
0.885  -1744.32 -1898.92   154.596   36.1585 0
0.89  -1744.32 -1899.48   155.156   36.2896 0
0.895  -1744.32 -1900.06   155.736   36.4252 0
0.9  -1744.32 -1900.65   156.329   36.5638 0
0.905  -1744.32 -1901.25   156.927   36.7038 0
0.91  -1744.32 -1901.85   157.523   36.8433 0
0.915  -1744.32 -1902.43   158.112   36.9809 0
0.92  -1744.32 -1903.01   158.684   37.1147 0
0.925  -1744.32 -1903.56   159.234   37.2433 0
0.93  -1744.32 -1904.08   159.755   37.3652 0
0.935  -1744.32 -1904.56   160.241   37.4788 0
0.94  -1744.32 -1905.01   160.686   37.5831 0
0.945  -1744.32 -1905.41   161.087   37.6769 0
0.95  -1744.32 -1905.76   161.439   37.7591 0
0.955  -1744.32 -1906.06   161.738   37.829 0
0.96  -1744.32 -1906.3   161.981   37.886 0
0.965  -1744.32 -1906.49   162.167   37.9295 0
0.97  -1744.32 -1906.62   162.294   37.9592 0
0.975  -1744.32 -1906.68   162.362   37.975 0
0.98  -1744.32 -1906.69   162.37   37.9769 0
0.985  -1744.32 -1906.64   162.32   37.9652 0
0.99  -1744.32 -1906.54   162.213   37.9402 0
0.995  -1744.32 -1906.37   162.052   37.9025 0
